0.002141
0.012404
0.002141
0.002141
0.008206
0.037423
0.002141
0.007118
0.022585
0.003783
0.004436
0.045676
0.002141
0.002141
0.003053
0.004082
0.020099
0.002141
0.020833
0.005065
0.002141
0.002187
0.631617
0.002141
0.002141
0.725489
0.015400
0.977195
0.425185
0.002141
0.002141
0.021318
0.014966
0.002141
0.002141
0.061391
0.002242
0.002242
0.001077
0.002141
0.001476
0.163838
0.000818
0.002141
0.002141
0.002141
0.003053
0.002141
0.028166
0.003638
0.003053
0.002141
0.002141
0.024639
0.000911
0.002141
0.002141
0.002141
0.002141
0.007118
0.970426
0.179752
0.000911
0.002141
0.002141
0.002141
0.003638
0.013644
0.009580
0.003053
0.785896
0.011575
0.186624
0.001077
0.977186
0.013412
0.007118
0.002242
0.004566
0.977210
0.002141
0.001681
0.002141
0.030923
0.002141
0.977215
0.002141
0.002141
0.002141
0.002141
0.006768
0.975982
0.030462
0.001188
0.002141
0.005885
0.027518
0.016936
0.977197
0.001077
0.002141
0.001681
0.002141
0.002141
0.977209
0.977230
0.002141
0.002141
0.964358
0.002141
0.002141
0.077542
0.021701
0.002141
0.008206
0.001077
0.004248
0.910434
0.033482
0.977215
0.002141
0.002141
0.031083
0.001681
0.002242
0.002141
0.001681
0.002141
0.953139
0.001077
0.000818
0.002141
0.001155
0.002141
0.003053
0.002141
0.009580
0.009580
0.002141
0.004082
0.003560
0.002141
0.002141
0.003053
0.002141
0.001077
0.002242
0.001476
0.002141
0.002141
0.967848
0.959179
0.980066
0.002525
0.003053
0.007858
0.968908
0.002141
0.005918
0.020710
0.002141
0.002141
0.009667
0.002141
0.019413
0.002141
0.028166
0.976407
0.001077
0.002141
0.023720
0.002141
0.001476
0.041711
0.005466
0.002141
0.008366
0.029857
0.030500
0.977203
0.002141
0.003053
0.008206
0.001077
0.960337
0.002141
0.007656
0.033539
0.002141
0.045389
0.002141
0.950843
0.002477
0.002141
0.954173
0.002141
0.002141
0.003783
0.011615
0.008206
0.021631
0.002141
0.007656
0.977234
0.002141
0.001681
0.002141
0.002141
0.019116
0.002141
0.001077
0.001077
0.002141
0.008206
0.002141
0.977226
0.947356
0.001077
0.002141
0.004926
0.010529
0.002397
0.002141
0.002141
0.004847
0.977214
0.977179
0.002141
0.101137
0.001681
0.002141
0.007118
0.002141
0.003053
0.099474
0.003638
0.001155
0.977156
0.021234
0.007118
0.011093
0.037185
0.008206
0.977193
0.022023
0.001077
0.002141
0.008697
0.002141
0.003053
0.002141
0.977203
0.003053
0.001890
0.002141
0.926742
0.002141
0.018521
0.015479
0.010995
0.003638
0.001077
0.098378
0.002141
0.001077
0.019574
0.030043
0.001681
0.001077
0.001681
0.978204
0.977200
0.012359
0.007118
0.021116
0.004847
0.002141
0.002141
0.002141
0.002141
0.002141
0.002141
0.001077
0.002141
0.904889
0.002141
0.001077
0.963001
0.002141
0.002141
0.033450
0.002141
0.977168
0.002141
0.007750
0.002129
0.002141
0.002141
0.002141
0.004566
0.001077
0.006862
0.001077
0.001155
0.006736
0.008366
0.007118
0.002141
0.005637
0.977180
0.003638
0.001077
0.010720
0.310650
0.000911
0.014440
0.002968
0.096199
0.395237
0.002141
0.002968
0.001077
0.002141
0.008819
0.017129
0.556559
0.058169
0.001077
0.017179
0.002141
0.002968
0.002141
0.001077
0.035919
0.002141
0.001077
0.972982
0.002968
0.013644
0.002141
0.002141
0.002141
0.977164
0.002141
0.012514
0.002242
0.002141
0.008206
0.002141
0.002141
0.002141
0.002141
0.977209
0.001077
0.531063
0.061301
0.963769
0.053187
0.008206
0.004436
0.958781
0.002397
0.977197
0.002141
0.947880
0.977235
0.002141
0.023914
0.028278
0.002141
0.002141
0.002141
0.001895
0.002141
0.008206
0.002175
0.002141
0.001077
0.003053
0.001476
0.001077
0.003053
0.002141
0.002944
0.002141
0.002242
0.977196
0.001077
0.977197
0.003517
0.002187
0.002141
0.002141
0.077758
0.002141
0.002141
0.003493
0.091283
0.002242
0.004847
0.004436
0.002141
0.003638
0.002187
0.008206
0.008206
0.008206
0.977174
0.002242
0.009449
0.002141
0.013644
0.002141
0.001077
0.002141
0.001476
0.002187
0.002141
0.002141
0.002141
0.002141
0.003053
0.001077
0.002141
0.001077
0.002141
0.002141
0.971134
0.002242
0.002141
0.002141
0.002141
0.002141
0.007858
0.002141
0.002141
0.002141
0.008206
0.002141
0.001744
0.002242
0.001077
0.002141
0.002141
0.033539
0.001077
0.002141
0.002141
0.007750
0.977197
0.977199
0.139264
0.003805
0.002141
0.002141
0.018540
0.001077
0.003638
0.001077
0.002968
0.011812
0.002968
0.001077
0.002242
0.002141
0.002141
0.033440
0.001077
0.003638
0.001077
0.016737
0.002141
0.001155
0.009667
0.002141
0.887388
0.001077
0.002141
0.048932
0.814798
0.007118
0.341350
0.019499
0.977232
0.003638
0.977158
0.901031
0.033525
0.002141
0.977200
0.001077
0.002141
0.974561
0.002141
0.003638
0.002141
0.001077
0.001077
0.002141
0.001077
0.062750
0.001077
0.002141
0.908046
0.002141
0.001077
0.000818
0.002141
0.061301
0.002141
0.002141
0.001077
0.007308
0.271277
0.003783
0.977216
0.033497
0.977225
0.031392
0.002141
0.002141
0.002141
0.002894
0.002242
0.037326
0.002141
0.933962
0.002141
0.977199
0.003638
0.006862
0.001077
0.002141
0.002242
0.003053
0.444195
0.977194
0.001077
0.977184
0.002141
0.183867
0.002141
0.002141
0.009292
0.002141
0.002141
0.005292
0.002141
0.002098
0.002141
0.977187
0.001077
0.002187
0.001077
0.002242
0.002141
0.033527
0.014542
0.001077
0.015479
0.003569
0.005065
0.002141
0.004847
0.002141
0.002141
0.001681
0.002141
0.001077
0.002141
0.485129
0.982094
0.015479
0.968908
0.002141
0.002141
0.962567
0.002141
0.017583
0.014065
0.014539
0.019531
0.001077
0.002141
0.002141
0.000979
0.977195
0.004436
0.003053
0.972574
0.004829
0.002968
0.008206
0.002141
0.015985
0.002968
0.001077
0.186015
0.002141
0.002141
0.002141
0.003452
0.044396
0.109854
0.001077
0.002141
0.002141
0.002141
0.001681
0.003638
0.002141
0.002141
0.024951
0.007750
0.033471
0.009292
0.002141
0.002141
0.003053
0.937699
0.002141
0.002141
0.001476
0.033446
0.003638
0.002141
0.631617
0.000818
0.002141
0.003053
0.001077
0.002141
0.033470
0.002141
0.001077
0.002141
0.001890
0.003569
0.977195
0.002141
0.977225
0.260698
0.966824
0.005867
0.932479
0.002141
0.002141
0.001316
0.008206
0.009292
0.977160
0.002141
0.036928
0.005658
0.003053
0.002141
0.001155
0.079505
0.911795
0.002141
0.002141
0.002141
0.068592
0.002141
0.022510
0.005969
0.002141
0.013290
0.001077
0.002141
0.965277
0.003838
0.001077
0.003783
0.002141
0.010908
0.192980
0.977182
0.008206
0.002141
0.000818
0.001077
0.002141
0.002141
0.975896
0.004997
0.003053
0.007118
0.002141
0.002141
0.002397
0.001077
0.088563
0.003783
0.001155
0.002141
0.002141
0.014862
0.001890
0.002141
0.956500
0.010685
0.976628
0.002141
0.003891
0.009127
0.001077
0.002141
0.002141
0.002141
0.977197
0.003060
0.002141
0.001077
0.002141
0.002422
0.000911
0.001077
0.966553
0.002242
0.002141
0.002141
0.006559
0.002141
0.001077
0.001077
0.001077
0.002141
0.023720
0.003638
0.001681
0.002141
0.002141
0.960197
0.976111
0.442484
0.001077
0.001077
0.001077
0.019852
0.002141
0.977193
0.972256
0.977180
0.002141
0.002141
0.008206
0.003053
0.002141
0.003569
0.016521
0.001077
0.002141
0.002141
0.937599
0.004436
0.061926
0.002141
0.983333
0.004436
0.005266
0.977174
0.001077
0.011454
0.007196
0.002141
0.003783
0.002141
0.000818
0.002141
0.046084
0.001077
0.002968
0.002141
0.002141
0.001077
0.003638
0.002141
0.002129
0.002141
0.003638
0.002141
0.003783
0.032784
0.002175
0.002141
0.002141
0.002141
0.004936
0.016368
0.007118
0.002141
0.012984
0.977195
0.002141
0.001681
0.156638
0.002141
0.002141
0.023856
0.002141
0.002141
0.004936
0.977224
0.889536
0.002141
0.004436
0.001681
0.005292
0.976121
0.002141
0.002141
0.007118
0.007118
0.929104
0.001155
0.001681
0.962016
0.031083
0.002141
0.002141
0.002141
0.977167
0.950682
0.033509
0.009122
0.002141
0.012265
0.001681
0.002141
0.001681
0.001476
0.002141
0.000911
0.002141
0.002141
0.003638
0.001681
0.002397
0.002141
0.001681
0.002141
0.003638
0.002141
0.002141
0.002141
0.977199
0.002141
0.888102
0.025751
0.008206
0.015985
0.008206
0.053804
0.002141
0.010345
0.002141
0.001890
0.033527
0.003783
0.001077
0.353205
0.003638
0.014862
0.002242
0.003783
0.002141
0.001476
0.033515
0.002141
0.002141
0.003053
0.002141
0.009667
0.002968
0.002141
0.005065
0.033296
0.033462
0.101853
0.009667
0.974701
0.008366
0.002141
0.088717
0.112396
0.002141
0.003638
0.002141
0.977186
0.963769
0.002141
0.002141
0.002141
0.002141
0.972422
0.008206
0.002141
0.002141
0.002141
0.002141
0.002242
0.004566
0.002141
0.003638
0.008206
0.001077
0.975896
0.003638
0.002397
0.972208
0.009449
0.000911
0.002141
0.001316
0.003224
0.011959
0.002141
0.002141
0.001476
0.008206
0.974831
0.001744
0.001476
0.002141
0.003638
0.444430
0.002242
0.002141
0.001188
0.974369
0.002141
0.013644
0.002141
0.002141
0.002242
0.977186
0.943959
0.009601
0.009943
0.033497
0.002141
0.003053
0.001077
0.921327
0.018383
0.002141
0.002141
0.005969
0.002141
0.001681
0.002141
0.065547
0.937622
0.019587
0.762000
0.001681
0.007858
0.039186
0.003053
0.011271
0.003053
0.001077
0.003783
0.002141
0.954769
0.026204
0.002141
0.002098
0.001077
0.002141
0.004082
0.002141
0.002242
0.977187
0.138100
0.006862
0.015681
0.002242
0.943861
0.003053
0.002141
0.002141
0.002141
0.977221
0.002525
0.001569
0.977177
0.002141
0.002141
0.001569
0.002141
0.001077
0.002141
0.977439
0.003444
0.005658
0.002141
0.002141
0.008001
