0.26073
0.14179
0.64963
0.89240
0.63869
0.98023
0.25727
0.04167
0.28178
0.92328
0.83209
0.91751
0.41649
0.79681
0.85291
0.10579
0.16917
0.96894
0.65758
0.08716
0.66284
0.07108
0.02663
0.74401
0.71760
0.98872
0.27878
0.56393
0.58718
0.02146
0.05337
0.60116
0.83316
0.58346
0.79424
0.28145
0.92150
0.97841
0.74482
0.82679
0.38600
0.90851
0.67609
0.89043
0.42956
0.97072
0.13045
0.78338
0.27773
0.21762
0.85127
0.25809
0.15918
0.71435
0.71233
0.04400
0.79268
0.09790
0.69939
0.21634
0.91045
0.09692
0.63352
0.69166
0.90052
0.52423
0.28916
0.72618
0.73250
0.60783
0.70262
0.35830
0.94114
0.70367
0.75412
0.07703
0.39826
0.80777
0.97102
0.20679
0.29481
0.76345
0.79091
0.99206
0.42720
0.56797
0.51153
0.40604
0.74604
0.70730
0.73659
0.02158
0.24303
0.25545
0.32523
0.16381
0.15832
0.56237
0.93944
0.55084
0.05022
0.58430
0.41696
0.88249
0.15661
0.91672
0.72580
0.64691
0.99104
0.89726
0.61644
0.39905
0.56283
0.52275
0.10149
0.58417
0.87285
0.40000
0.33330
0.09768
0.17444
0.82812
0.77338
0.59663
0.67663
0.82754
0.26141
0.04783
0.94864
0.43999
0.86966
0.12357
0.18644
0.98161
0.03550
0.78291
0.70677
0.79396
0.65161
0.01950
0.35925
0.75751
0.97155
0.13214
0.22008
0.73995
0.20031
0.16254
0.12703
0.31261
0.31171
0.11633
0.88725
0.32598
0.77664
0.60969
0.97155
0.97195
0.39691
0.55990
0.68649
0.91339
0.44901
0.10725
0.01210
0.06956
0.20661
0.97609
0.14199
0.41427
0.80688
0.54482
0.50449
0.12964
0.57846
0.99058
0.82295
0.09568
0.67026
0.05666
0.71160
0.37224
0.60734
0.21481
0.05440
0.53355
0.25915
0.22986
0.03842
0.13118
0.66081
0.97207
0.31358
0.43543
0.46148
0.87213
0.22532
0.89114
0.28789
0.09346
0.35797
0.79105
0.88692
0.70257
0.14719
0.03063
0.53535
0.82117
0.60325
0.37724
0.43639
0.22193
0.09277
0.12601
0.10161
0.50224
0.97675
0.98754
0.09178
0.15968
0.89260
0.85307
0.75586
0.49618
0.35088
0.50160
0.11916
0.18166
0.61269
0.93493
0.52123
0.13051
0.70517
0.48166
0.60852
0.64640
0.23554
0.20316
0.55743
0.95513
0.61223
0.25846
0.97983
0.18721
0.20125
0.94937
0.91908
0.16425
0.20768
0.82679
0.37066
0.28073
0.16277
0.31798
0.07935
0.85165
0.31631
0.09541
0.80813
0.97755
0.86013
0.95354
0.93218
0.12237
0.89735
0.87991
0.27754
0.19964
0.61290
0.06525
0.77224
0.37917
0.06024
0.43220
0.23794
0.62569
0.68568
0.61908
0.97698
0.65862
0.31985
0.39654
0.57371
0.68289
0.94654
0.72114
0.14272
0.37441
0.87623
0.26834
0.14320
0.19591
0.69576
0.86412
0.96027
0.88721
0.42503
0.48794
0.63254
0.58429
0.23506
0.71852
0.95878
0.73368
0.59872
0.98969
0.42186
0.52576
0.73993
0.09131
0.61887
0.94618
0.15257
0.64162
0.97625
0.40518
0.42518
0.07212
0.66979
0.53928
0.06632
0.11526
0.67178
0.93018
0.49671
0.11773
0.03992
0.45157
0.87602
0.18856
0.99180
0.88646
0.91303
0.78795
0.16245
0.90203
0.06572
0.01688
0.70165
0.68994
0.28145
0.07215
0.98434
0.16837
0.82567
0.05131
0.19739
0.53251
0.44330
0.66495
0.24091
0.93999
0.34297
0.11944
0.09951
0.16918
0.98268
0.40466
0.89672
0.02149
0.05415
0.14476
0.73175
0.10934
0.93260
0.52982
0.32752
0.48340
0.83125
0.98720
0.17116
0.12443
0.29338
0.38481
0.08519
0.91639
0.92647
0.93781
0.21609
0.99116
0.10496
0.79448
0.76533
0.95844
0.53585
0.68324
0.23210
0.59217
0.21921
0.51506
0.88989
0.40066
0.79625
0.80240
0.90328
0.61673
0.80942
0.25003
0.11408
0.34145
0.20375
0.46627
0.31994
0.81682
0.97101
0.11578
0.23785
0.98290
0.52941
0.15691
0.34865
0.89480
0.79995
0.10671
0.36290
0.78032
0.68232
0.16968
0.90671
0.82892
0.32324
0.25319
0.55384
0.26481
0.39940
0.80681
0.05281
0.35737
0.48869
0.41895
0.44802
0.82889
0.60823
0.25840
0.82212
0.61417
0.35584
0.91890
0.16638
0.02771
0.97397
0.30868
0.77672
0.05782
0.12887
0.95681
0.86046
0.94267
0.51411
0.52764
0.85421
0.94321
0.76418
0.77999
0.33230
0.17420
0.43513
0.44910
0.93318
0.62628
0.16285
0.15624
0.09937
0.11595
0.92013
0.30073
0.73516
0.85498
0.78704
0.13405
0.43997
0.60992
0.27377
0.10442
0.20888
0.95373
0.47909
0.09887
0.19364
0.88868
0.31922
0.98841
0.64667
0.94293
0.45786
0.68511
0.47436
0.25783
0.33384
0.83167
0.17479
0.65097
0.72592
0.88406
0.62271
0.64020
0.75667
0.84330
0.97348
0.39187
0.11537
0.20096
0.24833
0.18733
0.90709
0.09781
0.70504
0.82898
0.81772
0.86551
0.03069
0.13671
0.77552
0.53064
0.29264
0.19459
0.16713
0.06186
0.29133
0.60889
0.56676
0.71261
0.51468
0.69182
0.64733
0.16330
0.97245
0.59806
0.40937
0.19700
0.68483
0.79229
0.73938
0.40411
0.53881
0.38082
0.90667
0.98986
0.12784
0.65850
0.35620
0.37591
0.15860
0.33803
0.06769
0.92826
0.20862
0.65640
0.31213
0.11549
0.52987
0.11062
0.68776
0.81033
0.35769
0.58340
0.28334
0.93670
0.20293
0.79822
0.62587
0.13056
0.84295
0.65948
0.49618
0.21715
0.91228
0.31786
0.34730
0.55169
0.24736
0.71211
0.17647
0.39814
0.38132
0.38409
0.97608
0.74964
0.48967
0.23120
0.33234
0.75172
0.46015
0.09341
0.68879
0.46650
0.93961
0.44628
0.46473
0.11295
0.22208
0.99079
0.19239
0.14729
0.18089
0.80861
0.16579
0.94767
0.83376
0.05772
